D C 364.1 -289.2 1417.5 -462.3 1756.9 245.5 1130.3 565.7 538.6 591.5 898.4 1320.3
D C 364.9 -289.8 1418.5 -462.6 1756.9 245.5 1130.3 565.7 540.6 593.7 899.0 1321.1
D C 365.7 -290.4 1419.4 -462.9 1756.9 245.5 1131.2 566.1 541.3 594.5 900.7 1323.6
D C 364.9 -289.8 1419.4 -462.9 1753.0 244.9 1129.5 565.2 540.6 593.7 899.0 1321.1
D C 364.1 -289.2 1421.3 -463.5 1755.0 245.2 1129.5 565.2 537.3 590.0 899.6 1322.0
D C 364.1 -289.2 1415.6 -461.7 1756.9 245.5 1130.3 565.7 537.9 590.8 897.9 1319.5
D C 364.1 -289.2 1419.4 -462.9 1751.0 244.6 1133.0 567.0 539.3 592.3 899.0 1321.1
D C 364.1 -289.2 1419.4 -462.9 1753.0 244.9 1132.1 566.6 540.6 593.7 899.6 1322.0
D C 364.1 -289.2 1418.5 -462.6 1755.9 245.3 1131.2 566.1 539.3 592.3 899.0 1321.1
D C 364.9 -289.8 1415.6 -461.7 1755.0 245.2 1131.2 566.1 539.3 592.3 899.0 1321.1
D C 363.4 -288.5 1419.4 -462.9 1755.0 245.2 1133.0 567.0 539.3 592.3 900.1 1322.8
D C 364.1 -289.2 1418.5 -462.6 1757.9 245.6 1132.1 566.6 538.6 591.5 898.4 1320.3
D C 364.1 -289.2 1423.2 -464.2 1756.9 245.5 1130.3 565.7 540.6 593.7 899.0 1321.1
D C 364.1 -289.2 1416.6 -462.0 1755.0 245.2 1131.2 566.1 539.3 592.3 898.4 1320.3
D C 355.9 -289.8 1403.3 -457.6 1720.8 251.2 1078.7 548.2 519.7 592.3 880.5 1328.7
D C 313.2 -288.7 1364.4 -463.6 1692.6 236.5 1050.6 550.2 488.6 592.5 852.8 1321.8
D C 279.0 -283.8 1328.5 -460.5 1647.5 240.5 1002.6 548.8 447.0 584.7
D C 263.4 -284.9 1289.8 -455.9 1627.8 237.6 992.1 543.1 433.8 582.1
D C 215.9 -278.0 1244.6 -448.6 1566.4 248.3 943.9 547.2 379.5 588.2
D C 190.0 -282.0 1201.5 -441.4 1534.8 243.3 907.9 541.3 350.4 589.7
D C 157.1 -278.8 1179.2 -449.7 1509.2 239.2 875.7 544.2 318.6 592.8
D C 126.4 -277.6 1151.2 -447.1 1473.1 242.8 837.0 549.1 281.9 592.4
D C 113.2 -280.0 1120.5 -443.2 1449.9 248.1 822.7 554.3 266.4 597.3
D C 67.4 -279.0 1074.3 -440.2 1403.1 249.0 773.8 549.4 216.7 601.1
D C 1036.6 -439.7 1369.6 243.0 749.2 545.9 185.9 594.6
D C 1005.5 -441.1 1333.1 253.5 706.1 548.4 148.1 601.0
D C 961.8 -436.1 1304.6 248.1 671.5 548.5 475.7 1319.9 113.8 603.4
D C -49.0 -288.9 927.3 -427.3 1268.7 249.3 640.4 549.8 439.7 1320.7 83.4 603.3
D C -78.6 -288.5 900.3 -428.4 1228.0 249.1 605.9 546.6 413.2 1321.9 49.9 606.0
D C 861.8 -436.3 1181.8 254.9 552.6 543.4 362.5 1329.5 -2.3 609.0
D C 843.1 -433.4 1156.8 257.0 536.9 547.7 344.1 1326.1 -21.1 610.6
D C 812.1 -436.5 1132.4 251.5 506.9 543.2 318.2 1326.4 -51.4 613.8
D C 747.3 -425.6 1079.6 253.7 453.8 543.5 267.6 1329.3 -104.7 612.1
D C 731.7 -428.7 1062.1 249.6 443.3 544.3 248.9 1319.7 -120.7 614.3
D C 687.8 -426.0 1010.4 250.6 393.2 541.3 199.8 1326.0 -165.7 619.2
D C 669.9 -420.6 993.3 252.8 377.5 547.5 183.0 1324.4 -182.3 619.7
D C 636.9 -422.0 960.5 263.4 345.1 549.6 150.6 1329.5
D C 600.9 -419.8 925.2 259.8 316.6 548.1 117.6 1329.8
D C 568.7 -418.4 894.8 257.2 283.0 550.5 85.6 1342.3
D C 521.6 -414.2 851.9 267.7 235.1 554.2 27.7 1337.7
D C 507.7 -418.6 833.8 262.0 221.8 551.0 27.8 1340.7
D C 479.1 -415.2 802.0 262.9 186.9 550.1 -13.4 1346.9
D C 444.5 -414.8 769.4 262.7 157.8 551.9 -38.3 1351.5
D C 412.7 -414.6 732.5 265.2 125.7 553.9 -79.6 1346.6
D C 398.8 -415.6 719.6 265.6 111.5 553.9 -96.3 1347.6
D C 351.8 -414.9 669.4 270.6 63.1 557.4 -146.6 1350.1
D C 321.3 -419.0 641.1 268.4 32.0 555.1 -181.4 1359.0
D C 292.7 -417.6 611.5 273.8 1.3 560.0 -205.9 1352.4
D C 258.7 -422.0 580.1 272.7 -29.8 562.2
D C 213.8 -420.8 533.2 275.1 -75.1 563.0
D C 200.0 -418.7 521.9 277.4 -93.7 568.3
D C 156.8 -425.0 471.5 281.2 -137.3 568.6
D C 143.1 -419.2 454.4 286.2 -153.8 574.8
D C 110.1 -421.9 423.0 285.0
D C 66.4 -418.8 374.5 287.2
D C 48.7 -424.2 355.5 290.4
D C 4.2 -423.0 308.5 292.3
D C -11.5 -426.8 290.9 293.1
D C -40.3 -426.1 258.5 294.7
D C -86.6 -430.4 204.4 296.4
D C -103.6 -431.7 188.5 296.1
D C -148.0 -435.5 137.7 298.8
D C -165.7 -434.5 127.2 294.7
D C 112.4 279.2
D C 87.2 261.9 -516.3 1512.3
D C 78.4 256.3 -489.9 1526.3
D C 54.0 237.9 -386.1 1556.8
D C 43.9 232.9 -358.3 1567.6
D C 28.4 226.2 -273.4 1597.8
D C 12.8 221.6
D C -3.5 219.0
D C -30.9 220.9
D C
D C 122.5 1610.3
D C 260.1 1592.9
D C 315.8 1568.5
D C 498.8 1498.2 -70.9 913.3
D C 552.2 1475.0 -42.5 909.0
D C 724.5 1368.0 52.0 903.5 -70.6 1509.3
D C 826.7 1281.5 111.0 883.1
D C 874.1 1235.0 138.3 881.2
D C 993.8 1091.3 226.5 851.4
D C 1039.7 1034.9 253.6 829.1
D C 1122.3 871.6 325.2 779.9
D C 1176.1 761.3 369.9 741.9
D C 1193.9 692.1 392.2 719.0
D C 1234.9 499.3 442.8 642.2
D C 1246.7 442.8 461.3 619.0
D C 1258.9 231.4 504.8 534.3
D C 1222.7 102.4 522.7 471.6
D C 1212.3 41.8 533.6 446.9 606.1 1589.3
D C 1157.2 -80.9 516.6 391.2 -224.3 1105.5
D C 1139.9 -107.9 507.0 379.0 -219.0 1114.7
D C 1078.8 -149.1 476.0 360.4 -236.0 1127.6
D C 1073.9 -155.1 460.4 357.6 -248.9 1120.7
D C 1017.5 -153.3 412.8 358.9 -303.0 1132.1
D C 984.9 -154.6 383.3 354.4 620.3 1487.9 -324.6 1129.3
D C 969.2 -158.2 363.7 357.6 599.4 1488.9 -341.1 1133.8
D C 928.7 -157.5 867.3 665.1 316.8 356.6 -396.7 1138.9
D C 887.4 -156.1 830.7 661.7 285.1 354.6
D C 850.0 -160.3 798.3 660.3 251.3 355.1
D C 816.6 -164.4 765.5 657.3 221.2 357.1
D C 801.9 -166.6 752.4 654.1 206.6 357.6
D C 759.7 -167.6 703.0 658.1 157.1 358.1
D C 740.2 -168.0 681.5 661.9 139.4 358.9
D C 694.2 -171.1 633.8 662.7 95.9 360.5
D C 665.9 -172.8 597.2 655.8 63.8 362.4
D C 647.4 -176.5 583.1 656.4 47.9 362.9
D C 603.7 -176.6 538.2 652.7 0.8 364.0
D C 572.8 -175.2 499.9 653.8 196.3 1488.1 -32.9 365.5
D C 541.0 -176.4 470.7 648.1 -64.6 364.3
D C 494.0 -213.1 478.0 625.2 -71.9 366.0
D C 471.6 -235.1 477.6 609.1 -76.8 367.0
D C 383.2 -300.5 512.7 529.5 429.7 1404.8 -67.6 367.8
D C 291.6 -357.0 543.7 444.1 581.3 1325.1 -59.0 372.4
D C 255.9 -379.8 546.9 414.1 628.9 1281.0 -54.5 373.0
D C 186.4 -403.0 557.9 356.3 -47.5 373.0
D C 119.2 -424.6 560.7 298.0 796.7 1125.6 -40.7 374.8
D C 45.5 -444.7 558.5 237.9 882.5 1043.9 -33.6 373.5
D C 7.2 -445.9 557.3 205.7 -31.3 373.7
D C -105.5 -451.9 535.0 118.8 1003.0 850.5 196.3 1420.5 -19.8 374.5
D C -179.6 -446.2 513.0 55.7 1059.6 723.4 325.8 1395.5 -8.2 369.9 -316.8 966.4
D C 488.6 -19.1 1119.8 577.7 482.8 1339.6 14.2 361.7 -221.6 997.7
D C 455.5 -83.0 1157.7 427.3 616.1 1254.9 33.3 351.4
D C 388.7 -179.1 799.2 1100.4 58.7 333.9
D C 360.6 -205.4 1173.6 112.8 862.5 1059.2 67.9 327.0
D C 298.5 -258.7 1142.8 -51.8 964.8 925.6 80.4 309.7
D C 230.6 -297.0 1096.9 -199.9 1039.6 787.2 91.0 291.1
D C 160.2 -330.2 1030.2 -350.0 1112.6 645.0 100.3 273.2
D C 125.0 -345.1 995.0 -414.8 1132.1 566.6 104.4 264.1
D C 19.8 -374.5 870.2 -600.0 1195.4 351.6 111.5 238.2
D C -50.1 -379.7 778.4 -674.6 1172.1 237.8 100.0 228.0
D C -106.2 -380.4 710.5 -705.1 1144.4 195.8 559.6 695.9 69.5 222.4
D C 638.9 -725.9 1109.2 148.0 551.9 677.7 43.1 220.8
D C 588.3 -729.3 1063.6 141.9 510.3 684.8 -5.0 224.9
D C 569.4 -723.9 1033.0 144.3 490.1 674.8 -21.8 227.0
D C 538.6 -729.8 999.4 145.9 453.0 683.5
D C 501.7 -725.4 971.7 141.8 425.4 677.5
D C 475.6 -724.9 934.2 142.2 390.5 685.6
D C 440.3 -728.3 901.7 142.9 367.4 683.5
D C 410.9 -729.2 871.2 143.6 329.1 691.7
D C 362.5 -724.4 822.2 151.1 278.2 691.1
D C 347.0 -726.4 800.6 147.1 267.2 687.9
D C 315.2 -727.7 766.3 145.7 236.1 695.0
D C 262.9 -725.9 712.5 144.6 184.6 693.9
D C 247.5 -724.9 699.8 146.5 166.4 693.3
D C 199.9 -729.1 647.2 143.8 118.9 701.0
D C 630.8 148.3 105.4 699.1
D C 152.0 -726.3 597.8 144.4 75.0 701.0
D C 551.6 147.6 27.6 705.5
D C 93.3 -733.1 534.3 146.5 6.0 704.0
D C -19.7 -731.7 502.7 86.0 48.8 697.3
D C -69.7 -736.7 490.4 50.2 82.9 694.1
D C -201.7 -722.4 470.9 -32.9 164.6 668.0
D C -328.3 -689.9 441.1 -103.0 238.1 635.9
D C 396.4 -176.8 314.8 585.7
D C 305.8 -271.6 408.9 489.7
D C 276.5 -302.7 434.1 453.8
D C 197.5 -345.5 477.1 375.3 -138.1 640.3
D C 120.4 -375.1 508.7 294.9 -57.9 643.4
D C 43.2 -397.7 525.7 212.5 9.4 643.9
D C -79.6 -408.3 527.4 77.0 124.3 617.6
D C -118.2 -404.1 518.7 37.1 156.2 602.1 -298.4 992.1
D C 483.1 -81.9 250.7 552.8 -111.6 1028.0
D C 463.3 -129.4 284.9 522.4 -41.8 1028.2
D C 416.9 -201.5 334.5 472.6 77.5 1018.1
D C 340.1 -283.9 371.4 402.9 198.7 987.2
D C 319.2 -283.6 352.9 402.1 185.7 984.6
D C 240.5 -305.8 997.4 835.3 327.8 373.6 201.7 971.3
D C 213.9 -309.2 984.4 824.4 315.1 372.7 189.2 970.7
D C 178.0 -307.1 956.7 821.4 287.3 375.8 158.4 970.2
D C 128.9 -302.7 912.5 823.2 236.1 376.0 109.9 970.8
D C 114.4 -304.2 900.2 832.3 223.2 375.7 97.9 971.1
D C 65.3 -312.2 844.3 820.0 176.0 375.8 44.1 974.0
D C 32.1 -313.4 812.7 829.1 144.0 377.5 14.2 969.9
D C 18.6 -314.5 793.7 819.7 127.3 382.4 -3.7 969.0
D C -32.5 -322.4 744.0 817.0 75.8 376.4 -57.4 971.3
D C -48.9 -324.3 726.6 817.9 63.9 376.6 -69.5 972.5
D C -113.3 -326.9 728.7 771.2 37.2 369.1
D C 743.9 722.5 29.7 360.8
D C 751.4 661.3 22.5 352.3
D C 762.8 615.3 13.7 349.7
D C 760.2 583.0 7.2 347.9
D C 770.9 505.7 -3.4 342.0
D C 774.6 481.4 -5.5 341.0
D C 762.5 393.4 151.5 927.7 -22.0 337.3
D C 759.3 340.1 183.2 909.7 -30.4 337.6
D C 759.2 290.8 220.6 895.2 -23.9 334.1
D C 761.4 174.0 305.8 848.6 -19.5 330.4
D C 739.4 98.7 347.5 819.3 -19.3 326.4
D C 720.6 24.9 393.4 777.1 -17.0 321.5
D C 686.3 -48.0 428.7 731.7 -16.8 317.6
D C 672.2 -80.3 446.2 710.5 -16.8 317.6
D C 613.9 -187.8 504.5 627.3 -14.5 310.7
D C 570.8 -254.6 532.1 577.2 283.8 1409.7 -14.4 306.7
D C 513.6 -280.1 517.8 548.1 -34.8 303.0
D C 466.3 -317.3 515.6 519.6 -55.7 302.9
D C 437.8 -326.3 507.2 511.1 352.6 1359.0
D C 382.4 -331.4 459.8 505.0
D C 366.6 -329.7 441.4 509.3 284.7 1370.7
D C 315.7 -333.2 389.3 509.2 239.3 1360.1
D C 279.9 -334.3 359.3 507.7
D C 265.4 -333.2 343.4 511.4 189.4 1371.0
D C 211.6 -335.9 292.0 512.7
D C 161.5 -332.9 240.5 513.5
D C 144.7 -334.0 223.0 516.9
D C 108.8 -339.0 206.5 513.0 87.7 1375.2
D C 51.7 -354.2 206.3 494.7 152.6 1347.4
D C -3.1 -368.0 203.0 478.7 201.5 1336.9
D C -91.4 -370.9 195.3 452.7 288.2 1306.6
D C -114.9 -367.5 192.1 445.3
D C 189.6 432.2
D C 181.0 419.6 -540.7 1552.5
D C 191.5 396.2 -395.3 1593.7
D C 195.1 385.4 -347.7 1611.9
D C 197.8 352.3 -147.9 1644.4
D C 202.6 322.7
D C 187.2 306.4 74.2 1638.3
D C 156.4 299.7 103.9 1629.7
D C 783.1 870.6 143.6 297.1 135.9 1651.4
D C 747.9 852.4 92.5 295.9 114.5 1638.0
D C 772.9 798.1 76.1 286.0
D C 800.4 731.0 60.5 274.4
D C 804.2 673.5 40.5 269.0
D C 811.9 646.7 27.1 268.6 -370.3 1418.4
D C 823.2 569.4 475.9 1522.4 0.6 265.0
D C 573.1 1475.6 -28.9 266.4
D C 822.6 456.9 601.5 1442.6
D C 818.7 397.2 667.7 1403.3
D C 806.2 337.5 721.2 1361.8
D C 787.8 279.8 772.9 1300.7 39.8 1482.5
D C 771.5 211.6 838.4 1216.0 121.3 1474.0
D C 752.2 186.6 855.6 1208.9 139.3 1471.4 -129.5 816.8
D C 731.7 134.5 904.8 1139.4 211.0 1460.8 -104.5 821.4
D C 700.4 80.4 951.7 1084.6 271.5 1439.6 -79.6 828.2
D C 675.1 35.7 973.9 1005.7 331.2 1418.8 -64.4 829.5
D C 623.5 -24.4 1021.7 921.7 413.0 1380.5 -34.1 839.3
D C 604.6 -53.5 1038.8 870.0 457.1 1372.9 -13.4 830.9
D C 569.0 -89.3 1042.7 799.6 499.9 1335.5 1.9 833.0
D C 529.2 -130.4 1063.8 726.2 558.9 1295.6 32.5 830.4
D C 494.3 -164.6 1078.5 661.1 605.3 1252.4 52.6 825.3
D C 425.9 -205.8 1074.6 579.7 639.3 1207.2 57.1 817.0
D C 410.8 -204.8 1057.8 587.5 621.7 1209.6 37.5 827.2
D C 381.8 -202.2 1018.3 590.3 586.6 1213.7 6.9 818.0
D C 966.2 584.1 531.9 1212.5 -43.6 823.8
D C 316.4 -201.4 945.5 579.6 514.7 1213.4 -59.1 827.9
D C 267.0 -199.0 896.6 580.3 469.9 1209.9 -105.9 832.3
D C 874.4 581.3 455.4 1216.6 -121.8 834.2
D C 826.3 579.1 396.6 1216.0 -169.4 835.0
D C 790.4 575.9 371.2 1213.5 -198.1 843.0
D C 794.5 549.5 399.6 1200.2 -176.8 844.7
D C 805.3 486.8 463.0 1170.8 -152.0 856.6
D C 794.7 441.3 491.2 1138.6 -132.1 868.0
D C 790.4 354.0 553.6 1077.1 -89.6 875.4
D C 779.6 320.8 583.0 1053.4 -73.4 875.9
D C 767.8 267.4 616.2 1008.7 -46.6 879.8
D C 728.7 263.9 569.4 1014.1 -90.7 886.4
D C 706.4 260.7 558.3 1008.8 -107.3 886.5
D C 653.6 264.3 506.9 1016.6 -157.3 886.2
D C 636.2 261.8 490.5 1014.7 -176.6 898.8
D C 601.3 264.9 453.4 1016.5 -210.5 895.6
D C 550.6 267.2 401.6 1015.5 -257.5 895.7
D C 540.9 266.6 388.4 1018.5 -271.1 901.1
D C 489.5 267.9 339.6 1020.0
D C 459.4 266.3 303.8 1015.5
D C 439.1 269.1 291.3 1019.2
D C 393.1 271.9 238.3 1020.6
D C 373.4 272.1 219.2 1023.8
D C 329.8 272.8 174.6 1029.3
D C 312.3 274.8 155.6 1032.3
D C 277.1 275.8 122.8 1027.7
D C 237.1 273.6 91.9 1038.9
D C 241.4 275.1 90.7 1025.0
D C 242.1 275.9 90.7 1025.0
D C 241.4 275.1 90.2 1020.0
D C 240.7 274.4 90.7 1026.0
D C 240.7 274.4 90.7 1026.0
D C 240.7 274.4 90.7 1025.0
